

a = 444444444555555555555.000000000000000000000000000000000000000000000000000001;
b = 99999999999999999999999999999.888888888888888888888888888888888888888888888;
print (a * b);

